<<<<<<< HEAD
749
954
273 280
834 835
145
768
993 995
49 51
816 817
183 185
38
339 341
947 949
105 108
226 227
470 471
861 862
474 475
114 115
840 841
929 930
837 838
6 8
481 482
788 789
982 984
134 137
528 529
759 760
352
761
710 711
637 643
644
309
91 93
401 402
313
64 65
774 781
825 828
500
286
103
662 664
866 868
457
415 417
289 290
496 498
874
583 585
494 495
757
745
451
770 773
740 744
867
767
260
76 79
17
990 991
808 810
813 814
936
635 636
361
277
423
756
620 622
850
853 856
409 410
359 363
131 133
564 566
214 215
681 683
375 376
504
329
972
241
678
747
615 617
54 55
962
902 903
572 573
887
812
729
746
158 160
468
956 957
403 405
36 37
249 250
716 717
200 204
259 262
390 392
832 833
539
624 625
212
206 207
80 82
171 172
291 295
337 338
246 248
70
265
270 271
723
499
532
743
364
490 492
407 408
735 737
343 344
466 469
818 824
483
109
820
864
997
588
345 350
545 547
879 881
857 858
464 465
553 558
512 513
452 454
168 169
40 44
123 124
543 544
795 796
328
228
510 511
11
298
754
71 72
434 437
5
455 458
233
525 527
99 101
163 165
937 940
27 30
618 619
436
413 414
416
198 199
173 175
330 331
394 395
421
116 117
324 327
765 769
384 385
231 234
153 155
753 758
906
48
779
86 88
472
725
907
347
521 522
605
964
849
627
66 67
285 288
94 95
871 872
372 373
223 224
484 487
846 847
939
797 798
46 47
904 909
667
607 608
462
707
256 257
229
138 143
387
332
778
238 242
679
382 383
188 190
916 918
994
141
985 988
800 801
73
931
977 979
161 162
958 960
961 965
13
606
287
113
516
52 53
668 670
912 915
579 580
57 58
675 676
243 244
15 18
860
894 897
501 503
584
684 685
102 104
320
913
353 355
815
254
718
368 371
726 731
845
623
973 974
697 698
609 612
386 388
299
422 424
127
217
701 703
728
180 182
980 981
197
60
9
22
775
441
435
677
144 146
252 253
932 934
923
556
351
268
658
176
28
456
873 876
836
706
888
702
348
129 130
548 552
749 750
900
771
581 582
20 26
34
275
654
865
306 307
628 630
428 432
378
695 696
671
247
255
924
650
762 763
393
225
714 715
688
258
508
805 806
216
476 478
736
211
905
179
191 195
50
479
938
594
126 128
266 269
863
537 542
156 157
882 883
251
663
604
577 578
459 461
660 661
335 336
281
438 443
631 632
493
826
100
919 920
639
78
811
720 721
804
301
488
68 69
297 304
550
125
951
742
406
446
19
391
908
712
431
533
899
239
896
480
222
514
869
651 653
884 885
426 427
263 264
799
910 911
489
926
568 571
942
166
398 399
367
302
505
63
151 152
31 32
839
178
279
704
174
121
201
724
189
927 928
139
802
831
686 689
672
245
210
219
741
611
540
791
732
657 659
90
314
272
321 322
597
45
793 794
203
546
181
730
39
970
575
891 892
821
921
485
803
312
296
633 634
43
0 2
118 119
10 12
562 563
202
599 600
878
852
208
645
149
59 61
941 943
369
952 953
444 445
648
509
665 666
305
400
748
614
7
517 518
889
966
875
310 318
110
187
705 709
975
84 85
24
549
629
626
893
491
75
945 946
690
83
1
638
325
555
708
886
209
777
148
411
96 97
785
898 901
294
396
4
167
601 603
523 524
497
230
381
848
235
519
370
23
567
596
589 590
595 598
300
827
205
722
978
319
261
447 449
311
442
29
602
25
855
282
687
74
112
147 150
536
193
520
823
844
738
996 999
136
673 674
140
98
967 968
880
196
538
640
87
751 752
463
727
613
349
971
616
755
184
959
914
682
170
986
592
14
502
218 221
315
3
576
62
534 535
292
177
792
922
450
81
404
733
870
713
786
374
377
346
819
473
360
412
236 237
987
680
56
593
283
764
570
551
992
356
933
159
646
460
784
766
699 700
89
486
691
389
531
559
477
21
308
641
830
326
267
692
303
334
586 587
354
969
453
843
822
430
507
106
851
935
526
433
41
890
541
467
194
425
655
776
429
35
358
365 366
560
787
895
240
565
561
647
719
440
790
610
220
976
917
591
323
557
77
983
652
276
42
669
963
186
554
694
111
925
569
515
164
780
955
278
950
397
739
284
316
621
213
16
135
944
420
274
530
439
859
340
107
448
877
809
380
829
154
693
656
342
362
142
998
192
642
132
506
357
317
232
92
649
734
33
989
842
854
379
782 783
807
574
122
293
120
948
772
418 419
=======
750
713
809
913
354
822
741
597
220
996 999
734
738
776
854
380
593
293
626
990 991
340
374
945 946
982 984
977 979
993 995
980 981
961 965
958 960
967 968
973 974
985 988
947 949
956 957
937 940
932 934
910 911
952 953
941 943
904 909
929 930
927 928
898 901
919 920
916 918
912 915
882 883
902 903
866 868
894 897
891 892
884 885
861 862
879 881
857 858
853 856
818 824
846 847
840 841
834 835
816 817
805 806
832 833
800 801
793 794
837 838
774 781
825 828
813 814
795 796
751 752
782 783
770 773
762 763
753 758
788 789
735 737
765 769
740 744
797 798
749 750
726 731
759 760
714 715
720 721
710 711
699 700
701 703
651 653
705 709
716 717
681 683
697 698
695 696
684 685
675 676
673 674
668 670
637 643
665 666
628 630
635 636
633 634
615 617
607 608
624 625
601 603
595 598
620 622
599 600
657 659
545 547
589 590
618 619
586 587
583 585
581 582
568 571
579 580
537 542
564 566
577 578
548 552
553 558
562 563
525 527
523 524
543 544
572 573
501 503
484 487
528 529
534 535
521 522
517 518
490 492
459 461
476 478
470 471
464 465
510 511
455 458
494 495
447 449
512 513
426 427
434 437
444 445
452 454
407 408
403 405
422 424
413 414
481 482
418 419
415 417
394 395
386 388
398 399
390 392
401 402
375 376
368 371
365 366
353 355
409 410
337 338
382 383
384 385
359 363
339 341
372 373
310 318
291 295
324 327
345 350
321 322
330 331
252 253
335 336
206 207
263 264
306 307
343 344
256 257
243 244
273 280
289 290
266 269
198 199
238 242
236 237
259 262
214 215
223 224
180 182
200 204
188 190
173 175
191 195
158 160
163 165
183 185
57 58
161 162
171 172
144 146
134 137
151 152
156 157
131 133
138 143
126 128
168 169
129 130
123 124
102 104
86 88
64 65
80 82
116 117
84 85
68 69
99 101
285 288
474 475
662 664
873 876
933
71 72
226 227
428 432
609 612
808 810
914
959
66 67
0 2
40 44
46 47
36 37
978
971
10 12
955
27 30
6 8
96 97
997
15 18
900
972
954
52 53
870
970
20 26
966
983
118 119
297 304
496 498
686 689
42
893
986
948
94 95
270 271
466 469
660 661
871 872
906
924
969
105 108
976
942
890
939
908
907
31 32
975
905
931
869
944
895
921
998
777
812
899
889
875
874
935
925
938
865
962
964
863
867
823
852
888
992
147 150
785
848
845
851
849
859
792
831
784
766
820
864
827
804
877
821
807
830
842
790
779
772
733
736
677
756
836
922
54 55
218 221
748
775
761
802
767
799
843
811
886
819
778
690
745
815
691
771
644
707
768
780
860
951
76 79
249 250
642
727
728
706
786
708
672
730
649
655
671
704
719
718
724
693
621
678
746
787
887
987
153 155
646
623
610
652
647
640
538
645
638
725
732
791
880
515
569
650
602
614
592
679
604
596
606
712
702
669
764
855
917
49 51
231 234
531
559
554
641
574
555
561
639
688
613
594
506
539
557
654
591
605
588
576
682
743
829
878
963
114 115
431
508
549
460
550
556
627
723
442
500
520
516
536
505
497
519
541
551
493
488
486
546
456
467
499
575
667
453
436
472
485
480
463
450
435
420
451
532
629
729
722
694
754
839
926
59 61
246 248
438 443
631 632
491
504
430
507
489
479
477
446
440
362
425
389
448
533
565
648
692
739
826
923
989
282
303
379
423
406
378
346
377
400
457
367
416
396
502
397
391
393
381
308
358
315
332
387
421
347
364
473
570
656
747
326
429
462
560
658
351
357
317
352
342
441
514
316
284
334
356
305
323
287
312
302
328
370
298
333
329
319
349
265
255
267
348
439
530
584
680
742
803
896
994
186
276
311
228
281
292
268
240
299
278
296
369
301
272
309
404
433
526
616
235
314
361
468
567
663
755
850
950
91 93
222
213
286
274
203
216
300
279
254
277
261
283
230
233
239
313
232
229
225
245
201
219
210
258
167
209
194
181
217
247
177
112
132
176
164
196
241
320
412
509
73
135
208
251
205
197
184
187
122
141
159
193
189
192
275
294
170
125
149
106
202
142
178
154
145
179
166
260
325
360
411
483
540
611
687
757
844
936
78
74
100
70
148
121
136
140
62
127
120
174
212
107
113
211
45
81
90
92
89
24
109
139
110
48
23
98
56
87
63
103
50
75
60
9
22
83
111
25
77
41
29
39
34
16
3
17
7
19
43
14
13
11
38
33
21
5
28
1
4
35
>>>>>>> fa3d048ca6b3fbe01658714eee09015e240cc09f
